{
    "2048": {
        "avg_time_pytorch": 0.05067276019603014,
        "tflops_pytorch": 339.0355906711773,
        "avg_time_aiter": 0.05122528996318579,
        "tflops_aiter": 335.3786615233745,
        "avg_time": 0.03829675998538733,
        "tflops": 448.59850260322867
    }
}